Date,Inflow-Maun,Rainfall-Maun,PET-Maun
1967-03-01,51,20,107
1967-04-01,118,120,68
1967-05-01,170,0,60
1967-06-01,158,0,42
1967-07-01,149,0,45
1967-08-01,141,0,61
1967-09-01,114,0,92
1967-10-01,80,8,124
1967-11-01,62,111,122
1967-12-01,49,64,147
1968-01-01,37,109,133
1968-02-01,37,104,107
1968-03-01,61,81,103
1968-04-01,126,65,75
1968-05-01,192,33,58
1968-06-01,217,0,46
1968-07-01,215,0,45
1968-08-01,196,0,61
1968-09-01,160,0,91
1968-10-01,114,2,131
1968-11-01,79,70,131
1968-12-01,57,59,143
1969-01-01,34,50,157
1969-02-01,40,246,119
1969-03-01,48,36,102
1969-04-01,37,15,89
1969-05-01,52,0,75
1969-06-01,90,0,56
1969-07-01,122,0,59
1969-08-01,125,9,79
1969-09-01,105,21,109
1969-10-01,74,12,144
1969-11-01,49,67,148
1969-12-01,27,13,156
1970-01-01,15,123,153
1970-02-01,8,21,134
1970-03-01,0,9,141
1970-04-01,2,1,103
1970-05-01,22,0,81
1970-06-01,47,0,58
1970-07-01,63,0,60
1970-08-01,60,0,82
1970-09-01,46,10,113
1970-10-01,25,0,155
1970-11-01,9,60,159
1970-12-01,6,160,160
